3.55859 8308
3.55859 8308
4.29003 8308
4.31363 8308
4.45523 8308
4.47883 8308
4.50243 8308
4.52603 8308
4.54963 8308
4.57323 8308
4.59683 8308
4.62043 8308
4.64451 8308
4.69139 3752
4.69139 3752
5.13249 3752
5.16789 3752
5.19149 3752
5.3494 3752
5.3848 3752
5.4084 3752
5.5736 3752
5.60171 3752
5.62531 3752
5.81411 3752
5.83771 3752
5.86131 3752
5.88491 3752
6.05011 3752
6.07371 3752
6.09731 3752
6.12091 3752
6.28611 3752
6.30971 3752
6.33331 3752
6.35691 3752
6.53391 3752
6.55751 3752
6.58111 3752
6.60471 3752
6.79351 3752
6.81711 3752
6.84071 3752
6.86431 3752
7.06491 3752
7.08851 3752
7.11211 3752
7.13571 3752
7.15931 3752
7.34811 3752
7.37171 3752
7.39531 3752
7.41891 3752
7.44251 3752
7.64311 3752
7.66671 3752
7.69031 3752
7.71391 3752
7.73751 3752
7.94931 3752
7.96171 3752
7.98531 3752
8.00891 3752
8.03251 3752
8.05611 3752
8.28031 3752
8.30391 3752
8.32751 3752
8.35111 3752
8.37471 3752
8.39831 3752
8.61071 3752
8.63431 3752
8.65791 3752
8.68151 3752
8.70511 3752
8.72871 3752
8.94111 3752
8.96471 3752
8.98831 3752
9.01191 3752
9.03551 3752
9.05911 3752
9.27091 3752
9.29511 3752
9.31871 3752
9.34231 3752
9.36591 3752
9.38951 3752
9.41311 3752
9.63731 3752
9.66091 3752
9.69631 3752
9.71991 3752
9.74351 3752
9.76711 3752
9.86151 3752
9.99131 3752
10.0267 3752
10.0503 3752
10.0975 3752
10.1683 3752
10.2273 3752
10.2745 3752
10.3453 3752
10.4161 3752
10.4397 3752
10.4869 3752
10.5459 3752
10.5813 3752
10.6285 3752
10.6875 3752
10.7583 3752
10.7819 3752
10.8291 3752
10.8881 3752
10.9235 3752
10.9707 3752
11.0297 3752
11.1005 3752
11.1241 3752
11.1713 3752
11.1949 3752
11.2185 3752
11.2421 3752
11.3011 3752
11.3719 3752
11.3955 3752
11.4191 3752
11.4781 3752
11.5017 3752
11.5253 3752
11.5489 3752
11.6079 3752
11.6787 3752
11.7023 3752
11.7259 3752
11.7613 3752
11.7849 3752
11.8085 3752
11.8321 3752
11.9029 3752
11.9737 3752
11.9973 3752
12.0209 3752
12.0445 3752
12.0681 3752
12.0917 3752
12.1153 3752
12.1979 3752
12.2687 3752
12.2923 3752
12.3159 3752
12.3395 3752
12.3631 3752
12.3867 3752
12.4103 3752
12.5047 3752
12.5755 3752
12.5991 3752
12.6227 3752
12.6463 3752
12.6699 3752
12.6935 3752
12.7171 3752
12.7407 3752
12.8351 3752
12.9177 3752
12.9413 3752
12.9649 3752
12.9885 3752
13.0121 3752
13.0357 3752
13.0593 3752
13.0829 3752
13.1773 3752
13.2481 3752
13.2717 3752
13.2953 3752
13.3189 3752
13.3425 3752
13.3661 3752
13.3897 3752
13.4133 3752
13.5195 3752
13.5903 3752
13.6139 3752
13.6375 3752
13.6729 3752
13.6965 3752
13.7201 3752
13.7437 3752
13.7673 3752
13.8617 3752
13.9325 3752
13.9561 3752
13.9797 3752
14.0269 3752
14.0505 3752
14.0741 3752
14.0977 3752
14.1213 3752
14.2157 3752
14.2629 3752
14.2865 3752
14.3337 3752
14.3927 3752
14.4163 3752
14.4399 3752
14.4635 3752
14.4871 3752
14.5815 3752
14.6287 3752
14.6523 3752
14.6995 3752
14.7467 3752
14.7703 3752
14.7939 3752
14.8175 3752
14.8765 3752
14.9355 3752
14.9827 3752
15.0063 3752
15.0771 3752
15.1009 3752
15.1245 5092
15.1245 5092
15.6789 5092
15.7261 5092
15.7497 5092
15.7733 5092
15.9503 5092
15.9739 5092
16.0211 5092
16.0447 5092
16.2099 5092
16.2335 5092
16.2571 5092
16.3043 5092
16.3279 5092
16.5049 5092
16.5285 5092
16.5521 5092
16.5993 5092
16.6229 5092
16.8117 5092
16.8353 5092
16.8589 5092
16.9061 5092
16.9297 5092
17.1303 5092
17.1539 5092
17.1775 5092
17.2247 5092
17.2483 5092
17.4371 5092
17.4607 5092
17.4843 5092
17.5315 5092
17.5551 5092
17.5787 5092
17.7675 5092
17.7911 5092
17.8147 5092
17.8737 5092
17.8973 5092
17.9209 5092
18.1097 5092
18.1333 5092
18.1569 5092
18.2277 5092
18.2513 5092
18.2749 5092
18.4519 5092
18.4755 5092
18.4991 5092
18.5699 5092
18.5935 5092
18.6289 5092
18.7941 5092
18.8177 5092
18.8531 5092
18.9121 5092
18.9593 5092
18.9829 5092
19.1363 5092
19.1599 5092
19.2071 5092
19.2661 5092
19.3133 5092
19.3369 5092
19.3959 5092
19.4903 5092
19.5257 5092
19.5611 5092
19.6201 5092
19.6673 5092
19.7145 5092
19.7499 5092
19.8443 5092
19.9033 5092
19.9269 5092
19.9859 5092
20.0095 5092
20.0331 5092
20.0567 5092
20.1157 5092
20.1747 5092
20.1983 5092
20.2573 5092
20.2809 5092
20.3045 5092
20.3281 5092
20.3753 5092
20.4461 5092
20.4697 5092
20.5169 5092
20.5405 5092
20.5641 5092
20.5877 5092
20.6113 5092
20.6585 5092
20.7293 5092
20.7529 5092
20.8001 5092
20.8237 5092
20.8473 5092
20.8709 5092
20.8945 5092
20.9417 5092
21.0243 5092
21.0479 5092
21.0951 5092
21.1187 5092
21.1423 5092
21.1659 5092
21.1895 5092
21.2367 5092
21.3311 5092
21.3547 5092
21.4019 5092
21.4255 5092
21.4491 5092
21.4727 5092
21.4963 5092
21.5435 5092
21.6497 5092
21.6733 5092
21.7205 5092
21.7441 5092
21.7677 5092
21.7913 5092
21.8149 5092
21.8621 5092
21.8857 5092
21.9801 5092
22.0037 5092
22.0509 5092
22.0745 5092
22.0981 5092
22.1217 5092
22.1453 5092
22.1925 5092
22.2161 5092
22.3105 5092
22.3341 5092
22.3931 5092
22.4167 5092
22.4403 5092
22.4639 5092
22.4875 5092
22.5347 5092
22.5583 5092
22.6527 5092
22.6763 5092
22.7353 5092
22.7589 5092
22.7943 5092
22.8179 5092
22.8415 5092
22.8887 5092
22.9123 5092
22.9949 5092
23.0185 5092
23.0775 5092
23.1011 5092
23.1365 5092
23.1601 5092
23.1955 5092
23.2545 5092
23.2781 5092
23.3371 5092
23.3961 5092
23.4315 5092
23.4669 5092
23.4905 5092
23.5377 5092
23.5849 5092
23.6085 5092
23.6793 5092
23.7029 5092
23.7737 5092
23.7973 5092
23.8209 5092
23.8445 5092
23.8917 5092
23.9271 5092
23.9625 5092
24.0451 5092
24.1041 5092
24.1277 5092
24.1631 5092
24.1867 5092
24.2339 5092
24.2931 5092
24.9183 5092
24.9419 5092
25.0953 5092
25.1425 5092
25.1897 5092
25.2133 5092
25.2369 5092
25.4139 5092
25.4611 5092
25.4847 5092
25.5083 5092
25.5319 5092
25.7207 5092
25.7679 5092
25.7915 5092
25.8151 5092
25.8387 5092
26.0393 5092
26.0865 5092
26.1101 5092
26.1337 5092
26.1573 5092
26.3461 5092
26.3933 5092
26.4169 5092
26.4405 5092
26.4641 5092
26.6529 5092
26.7119 5092
26.7355 5092
26.7591 5092
26.7827 5092
26.9715 5092
26.9951 5092
27.0659 5092
27.0895 5092
27.1131 5092
27.1367 5092
27.3255 5092
27.3491 5092
27.4199 5092
27.4435 5092
27.4671 5092
27.4907 5092
27.6795 5092
27.7267 5092
27.7621 5092
27.7857 5092
27.8211 5092
27.8801 5092
28.0217 5092
28.0689 5092
28.1043 5092
28.1633 5092
28.1869 5092
28.2341 5092
28.3639 5092
28.4111 5092
28.4583 5092
28.5173 5092
28.5645 5092
28.5881 5092
28.6471 5092
28.7179 5092
28.7651 5092
28.8359 5092
28.8713 5092
28.9421 5092
28.9657 5092
29.0247 5092
29.0719 5092
29.1191 5092
29.1899 5092
29.2371 5092
29.2607 5092
29.2843 5092
29.3079 5092
29.3315 5092
29.3787 5092
29.4613 5092
29.5203 5092
29.5439 5092
29.5675 5092
29.5911 5092
29.6147 5092
29.6619 5092
29.7327 5092
29.7799 5092
29.8035 5092
29.8271 5092
29.8507 5092
29.8743 5092
29.8979 5092
29.9451 5092
30.0159 5092
30.0749 5092
30.0985 5092
30.1221 5092
30.1457 5092
30.1693 5092
30.1929 5092
30.2401 5092
30.3109 5092
30.3817 5092
30.4053 5092
30.4289 5092
30.4525 5092
30.4761 5092
30.4997 5092
30.5469 5092
30.6177 5092
30.6885 5092
30.7121 5092
30.7357 5092
30.7593 5092
30.7829 5092
30.8065 5092
30.8655 5092
30.9363 5092
31.0071 5092
31.0307 5092
31.0543 5092
31.0779 5092
31.1015 5092
31.1251 5092
31.1723 5092
31.2431 5092
31.2667 5092
31.3375 5092
31.3611 5092
31.3847 5092
31.4083 5092
31.4319 5092
31.4555 5092
31.5027 5092
31.5853 5092
31.6089 5092
31.6797 5092
31.7033 5092
31.7269 5092
31.7505 5092
31.7741 5092
31.7977 5092
31.8449 5092
31.9393 5092
31.9629 5092
32.0219 5092
32.0455 5092
32.0809 5092
32.1045 5092
32.1281 5092
32.1517 5092
32.1989 5092
32.2933 5092
32.3287 5092
32.3759 5092
32.4231 5092
32.4467 5092
32.4703 5092
32.4939 5092
32.5411 5092
32.6001 5092
32.6591 5092
32.7063 5092
32.7299 5092
32.7771 5092
32.8007 5092
32.8243 5092
32.8479 5092
32.8951 5092
32.9541 5092
33.0131 5092
33.0603 5092
33.1193 5092
33.1429 5092
33.1665 5092
33.2257 4824
33.2257 4824
33.7919 4824
33.8155 4824
33.8627 4824
33.9099 4824
34.0515 4824
34.0751 4824
34.1223 4824
34.1695 4824
34.3111 4824
34.3347 4824
34.3819 4824
34.4409 4824
34.5825 4824
34.6061 4824
34.6297 4824
34.6769 4824
34.7477 4824
34.8893 4824
34.9129 4824
34.9365 4824
34.9837 4824
35.0545 4824
35.2079 4824
35.2315 4824
35.2551 4824
35.3023 4824
35.3731 4824
35.5147 4824
35.5383 4824
